10.124312
10.056753
 9.892679
10.085707
10.326992
10.558625
10.780608
10.722699
10.896424
10.848167
11.012241
11.012241
10.954333
10.906075
11.118407
11.214920
11.079801
11.475509
11.736095
11.813307
11.629930
11.176314
11.359692
11.234223
10.780608
10.742002
10.809562
10.684093
10.761305
10.703397
10.616534
10.133965
10.278735
10.548974
10.452460
10.375249
10.336643
10.085707
10.076056
10.240129
10.278735
10.047102
10.105010
 9.670698
 9.178476
 9.062660
 9.207430
 9.053008
 9.053008
 8.686255
 8.831025
 8.966146
 8.637998
 8.464273
 8.811724
 9.352201
 9.506624
 9.690000
 9.650000
 9.920000
 9.850000
 9.990000